-12.85 15.91 -11.19 25.76 18.73 18.80 
-13.12 -27.72 41.04 -15.66 -23.14 25.80 
11.41 -12.80 3.83 -0.69 -0.65 -9.09 
-24.01 -11.08 25.75 -14.17 7.29 40.54 
16.40 -7.03 6.13 -0.41 -13.66 16.21 
-26.62 -19.15 12.58 -5.97 7.15 38.92 
4.20 1.22 33.69 -16.10 -34.86 0.91 
---------------------
18.73 -0.33 
20.86 13.67 
-27.74 -12.57 
---------------------
-5.47 -25.00 12.59 -4.66 19.32 10.86 -9.30 
-13.57 -36.14 38.07 -11.78 -0.53 20.49 -35.79 
-27.12 11.95 13.40 -18.75 29.16 -34.19 -17.06 
-44.14 -6.88 -33.23 -43.88 26.55 11.48 46.62 
-50.81 -21.78 -26.04 -28.84 34.90 -6.09 25.80 
-49.88 -46.94 -0.62 -59.65 23.10 36.93 -3.37 
-23.50 -9.33 -14.57 -18.56 5.45 17.90 36.92 
0.20 12.83 -28.10 -8.41 -50.92 -21.42 24.58 
---------------------
-5.47 -25.00 12.59 -4.66 19.32 10.86 -9.30 
-13.57 -36.14 38.07 -11.78 -0.53 20.49 -35.79 
-27.12 11.95 13.40 -18.75 29.16 -34.19 -17.06 
-44.14 -6.88 -33.23 -43.88 26.55 11.48 46.62 
-50.81 -21.78 -26.04 -28.84 34.90 -6.09 25.80 
-49.88 -46.94 -0.62 -59.65 23.10 36.93 -3.37 
-23.50 -9.33 -14.57 -18.56 5.45 17.90 36.92 
0.20 12.83 -28.10 -8.41 -50.92 -21.42 24.58 
---------------------
-8.60 9.61 24.48 
-23.76 22.28 -6.27 
-5.32 -3.94 20.26 
0.45 5.48 3.82 
---------------------
8 10
-1.56 -20.59 -23.22 28.01 14.92 10.96 -47.03 15.82 
-31.16 -2.97 -15.67 -28.35 3.73 15.71 -20.37 74.46 
-2.69 42.19 11.74 -36.64 10.62 -19.97 5.25 11.69 
18.86 6.37 -15.25 -3.97 19.54 -1.72 -7.82 -25.11 
18.11 1.92 25.62 1.84 28.71 -58.88 -16.40 -27.58 
-20.65 4.75 -29.62 -25.56 38.31 7.08 -6.44 29.67 
-12.98 10.88 -27.26 20.70 13.72 8.07 -21.73 -49.32 
5.88 -13.20 -33.39 33.34 22.18 22.13 -29.03 -35.05 
-4.04 1.39 -5.34 12.92 8.63 -21.78 -53.32 -12.62 
---------------------
3 5
15.05 22.62 -14.54 
-7.02 -19.68 8.19 
21.93 -4.09 15.54 
20.53 -2.12 17.34 
---------------------
